SyntrenEcoli <- structure(.Data=c(
0.0346451934658265, 0.00354486008222228, 0.0620251851499041, 0.0341189265251791, 0.0601571385574566, 0.0135479861374188, 0.106824639223790, 0.133684785042179, 0.15886228187966, 0.907312426086855, 0.755656779856902, 0.426233871965342, 0.141511866540813, 0.586042057671135, 0.522050296777418, 0.569217903088966, 0.580832721983629, 0.0169369175412610, 0.256124004889187, 0.839032515008303, 0.00747892974610556, 0.672876821239104, 0.839732517425815, 0.0942504078159816, 0.0982629713766468, 0.724942562312394, 0.0235505320349166, 0.368013602271086, 0.979758670446004, 0.0388070595230591, 0.718007528131456, 0.957276590134684, 0.140762638095098, 0.242094480611209, 0.0652197095030734, 0.97321729782305, 0.23615231077833, 0.133616331403069, 0.954863395642422, 0.561226203544643, 0.623766320432021, 0.548080448956364, 0.559035710322802, 0.959234870797448, 0.895011224694479, 0.284806198559171, 0.94425513155498, 0.759916314333551, 0.561878858416405, 0.96922018810684, 0.0702651982639673, 0.0284419937110086, 0.972472606016494, 
0.0945107672794993, 0.674169011359195, 0.176427950733034, 0.958109137834387, 0.518378580678349, 0.923539118211461, 0.155475159919525, 0.449357532019644, 0.107570423321883, 0.964155944165914, 0.824892602918418, 0.649101948090594, 0.81095240108129, 0.679702705820756, 0.966307902446156, 0.123344300644900, 0.14131197480331, 0.71091791686561, 0.860358468914941, 0.796185734039293, 0.325766880174860, 0.386557168212983, 0.414717836436610, 0.25517861397274, 0.972350122479731, 0.469588286415408, 0.757754045752012, 0.92748760278751, 0.0246022684936378, 0.195811797618858, 0.0432000104215539, 0.928440923171965, 0, 0.104326343992699, 0.341095898902853, 0.108172055101766, 0.487513354408898, 0.0993753279106277, 0.258145035731509, 0.624097589351866, 0.0114451812374073, 0.357958320238986, 0.179639258640027, 0.709701231137051, 0.00544204066575348, 0.774989050227815, 0.473307602402107, 0.248612698479128, 0.92737601005953, 0.790277930728936, 0.364343756737626, 0.65622652705399, 0.96354590407436, 0.0410189233334619, 
0.331301276519256, 0.787472611002576, 0.905832625863901, 0.230512556821965, 0.500763130494348, 0.168457832596395, 0.329287927947955, 0.966022577410673, 0.142096434132434, 0.951041156739756, 0.141772283242346, 0.612325869538392, 0.61925767830672, 0.410659916616861, 0.86710531143736, 0.161584324591800, 0.299587219207725, 0.385213081322503, 0.526032338756105, 0.979095726704481, 0.00729406605056304, 0.487101789491596, 0.983253846386687, 0.255827027327608, 0.65872407982916, 0.233234998518735, 0.4568861419639, 0.690514627011769, 0.95559579298094, 0.45933174976395, 0.269914533798441, 0.0750401122150629, 0.858407827415207, 0.926566623646551, 0.898388019573479, 0.341934236230374, 0.0082272832150799, 0.889894543440768, 0.167772096466853, 0.810728227822428, 0.55813347672281, 0.308954446124472, 0.559517800831702, 0.00952974887591002, 0.113397818047733, 0.964344166160258, 0.131647566104599, 0.893971389392979, 0.976714925923384, 0.163702914713574, 0.509163497590151, 0.282029743801899, 0.319187979878323, 0.435400937297397, 
0.313738907640822, 0.877158998279493, 0.821030946390355, 0.183486941899246, 0.00928015286544936, 0.883534624136063, 0.662101125268059, 0.674645473307424, 0.954514783539924, 0.0439036945630135, 0.315072175081744, 0.104478327683491, 0.325111914043371, 0.285120550203721, 0.664930649320067, 0.480337186595027, 0.489673281156114, 0.841602840493326, 0.941441960452272, 0.110344015424560, 0.0126553224197941, 0.839456331246066, 0.725718778049267, 0.952611938613457, 0.337148033375589, 0.970101058428415, 0.410693209754125, 0.506121313101265, 0.55556957545788, 0.234462657327073, 0.440552003485147, 0.647497432112471, 0.729397160634106, 0.78282755723628, 0.662257324914387, 0.921889231105609, 0.100939593041532, 0.248343231085346, 0.539739543344644, 0.271665627606917, 0.0481866890047053, 0.181995755018190, 0.0666281654076874, 0.149061634204612, 0.169252145824238, 0.315536188960406, 0.199999261625857, 0.257501237720146, 0.431187455030587, 0.491374448371126, 0.307573975092912, 0.271939281648665, 0.553662119382107, 
0.666679347249211, 0.306806862169323, 0.253161348751086, 0.3208994394128, 0.984548824634727, 0.497714015201448, 0.0466408916553184, 0.455309664229514, 0.604161051988642, 0.322419108177657, 0.206885066223743, 0.49118113369088, 0.429012306977285, 0.328171419682548, 0.801570440358057, 0.131481241815990, 0.327656453611668, 0.610938508565712, 0.244571269327280, 0.389054322717478, 0.0663941820809324, 0.652826650636743, 0.231541267417609, 0.435575210649266, 0.473073413426698, 0.365771818949229, 0.183397462226027, 0.3128324936105, 0.456703372861451, 0.827364441142132, 0.870464961566304, 0.367540292943983, 0.146761523434979, 0.814073866992228, 0.294160608796687, 0.711312268386101, 0.115788949836419, 0.132377979457347, 0.938111275150815, 0.356534497244818, 0.618041446239648, 0.269046329244805, 0.592725930777225, 0.61020829367428, 0.475815712229199, 0.183069555383452, 0.464371417253178, 0.256359696503456, 0.572880710726264, 0.762349393227767, 0.276032873278349, 0.560957871735187, 0.743585507161395, 0.696000500868232, 
0.198726116905402, 0.0528845879730342, 0.474960357436186, 0.585192865364095, 0.85951016030216, 0.265246537888946, 0.295207972948003, 0.351951358504643, 0.263060579329990, 0.813795111428747, 0.271261884124726, 0.901042161329279, 0.268503353382766, 0.169244703103155, 0.332706130777360, 0.222151904664435, 0.541583646071048, 0, 0.993851854018216, 0.352189197709024, 0.100492944634220, 0.39737399576751, 0.273188438698983, 0.622269038237607, 0.462283109316771, 0.0235646738492891, 0.623992552037895, 0.593127356122835, 0.61189847045145, 0.037418151536123, 0.40697893282372, 0.242625168537635, 0.962758782477069, 0.41644046512447, 0.284016317405641, 0.163604896519794, 0.711169653599817, 0.431545055753545, 0.508496015939544, 0.746831391760192, 0.234509261879114, 0.599230082576538, 0.205251525417340, 0.344890101262385, 0.174651084486658, 0.696257585797019, 0.579305231047201, 0.228234066186046, 0.671058239366225, 0.268951365258643, 0.467953025056098, 0.410927929573181, 0.319873599910532, 0.882359265250986, 
0.281966608919851, 0.348839957447156, 0.423483785551524, 0.503757436036995, 0.579383026914017, 0.0300809438684620, 0.50847637016608, 0.571121276370238, 0.203615777010238, 0.79987274496936, 0.505268466729461, 0.00481155027420619, 0.626791211536042, 0.570914700982742, 0.232729790602207, 0.355730857272432, 0.264671484195707, 0.477864623987052, 0.687249109682135, 0.525794386325371, 0.121722272708932, 0.0457841909075891, 0.620935070575355, 0.329447933144869, 0.378622337228438, 0.230307244199282, 0.256146134527018, 0.746418070589261, 0.0303702785594598, 0.304874047823965, 0.835606238141906, 0.239742958053203, 0.751973507766249, 0.725723350003011, 0.113649399864433, 0.860378155637338, 0.357607962613209, 0.380277758146495, 0.207210657067121, 0.340101864725639, 0.457513672981927, 0.124681020884396, 0.243864043911559, 0.391677113164362, 0.148760042263122, 0.494842729527466, 0.359741341351172, 0.102215406402376, 0.433682823101758, 0.508404818420721, 0.272712699660024, 0.134451053530086, 0.477717063031352, 
